image_width: 1280
image_height: 960
camera_name: camera
camera_matrix:
  rows: 3
  cols: 3
  data: [533.5187560000001, 0, 674.0293799999999, 0, 534.301734, 480.660484, 0, 0, 1]
distortion_model: plumb_bob
distortion_coefficients:
  rows: 1
  cols: 5
  data: [-0.249798, 0.037964, -0.00176, -0.002911, 0]
rectification_matrix:
  rows: 3
  cols: 3
  data: [1, 0, 0, 0, 1, 0, 0, 0, 1]
projection_matrix:
  rows: 3
  cols: 4
  data: [372.18808, 0, 674.804528, 0, 0, 369.93399, 471.572911, 0, 0, 0, 1, 0]