image_width: 800
image_height: 600
camera_name: camera
camera_matrix:
  rows: 3
  cols: 3
  data: [560.258543, 0, 601.316269, 0, 565.539308, 418.886962, 0, 0, 1]
distortion_model: plumb_bob
distortion_coefficients:
  rows: 1
  cols: 5
  data: [-0.205068, 0.029167, 0.015422, 0.004798, 0]
rectification_matrix:
  rows: 3
  cols: 3
  data: [1, 0, 0, 0, 1, 0, 0, 0, 1]
projection_matrix:
  rows: 3
  cols: 4
  data: [390.230286, 0, 657.786793, 0, 0, 482.598053, 443.500606, 0, 0, 0, 1, 0]