image_width: 1280
image_height: 960
camera_name: /stereo/left
camera_matrix:
  rows: 3
  cols: 3
  data: [1540.862843, 0.000000, 585.239644, 0.000000, 1535.828105, 471.615346, 0.000000, 0.000000, 1.000000]
distortion_model: plumb_bob
distortion_coefficients:
  rows: 1
  cols: 5
  data: [-0.440305, 0.254103, 0.001757, 0.002867, 0.000000]
rectification_matrix:
  rows: 3
  cols: 3
  data: [1.000000, 0.000000, 0.000000, 0.000000, 1.000000, 0.000000, 0.000000, 0.000000, 1.000000]
projection_matrix:
  rows: 3
  cols: 4
  data: [1540.862843, 0.000000, 585.239644, 0.000000, 0.000000, 1535.828105, 471.615346, 0.000000, 0.000000, 0.000000, 1.000000, 0.000000]
