image_width: 1280
image_height: 960
camera_name: camera
camera_matrix:
  rows: 3
  cols: 3
  data: [1574.640578, 0.000000, 631.836729, 0.000000, 1569.536714, 441.073096, 0.000000, 0.000000, 1.000000]
distortion_model: plumb_bob
distortion_coefficients:
  rows: 1
  cols: 5
  data: [-0.423972, 0.226998, 0.001999, -0.001652, 0.000000]
rectification_matrix:
  rows: 3
  cols: 3
  data: [0.0, 0.0, 0.0, 0.0, 0.0, 0.0, 0.0, 0.0, 0.0]
projection_matrix:
  rows: 3
  cols: 4
  data: [1574.6405779486126, 0.0, 631.8367286928847, 0.0, 0.0, 1569.5367135901372, 441.0730961615066, 0.0, 0.0, 0.0, 1.0, 0.0]
