image_width: 1280
image_height: 960
camera_name: camera
camera_matrix:
  rows: 3
  cols: 3
  data: [1562.702862, 0.000000, 591.308351, 0.000000, 1559.152112, 516.771254, 0.000000, 0.000000, 1.000000]
distortion_model: plumb_bob
distortion_coefficients:
  rows: 1
  cols: 5
  data: [-0.431053, 0.219440, -0.002504, -0.000104, 0.000000]
rectification_matrix:
  rows: 3
  cols: 3
  data: [0.999981, 0.000724, 0.006117, -0.000680, 0.999974, -0.007146, -0.006122, 0.007142, 0.999956]
projection_matrix:
  rows: 3
  cols: 4
  data: [1565.429565, 0.000000, 572.651855, 0.000000, 0.000000, 1565.429565, 509.164906, 0.000000, 0.000000, 0.000000, 1.000000, 0.000000]
