image_width: 1280
image_height: 960
camera_name: /stereo/right
camera_matrix:
  rows: 3
  cols: 3
  data: [1548.601464, 0.000000, 579.749613, 0.000000, 1544.428999, 464.543600, 0.000000, 0.000000, 1.000000]
distortion_model: plumb_bob
distortion_coefficients:
  rows: 1
  cols: 5
  data: [-0.428837, 0.248585, -0.002261, 0.000450, 0.000000]
rectification_matrix:
  rows: 3
  cols: 3
  data: [1.000000, 0.000000, 0.000000, 0.000000, 1.000000, 0.000000, 0.000000, 0.000000, 1.000000]
projection_matrix:
  rows: 3
  cols: 4
  data: [1546.251376, 4.950007, 585.967820, -123.497519, -10.847694, 1541.139201, 475.219927, 2.547986, -0.003987, -0.006946, 0.999968, 0.005683]
