image_width: 1280
image_height: 960
camera_name: camera
camera_matrix:
  rows: 3
  cols: 3
  data: [1573.607001, 0.000000, 612.697644, 0.000000, 1567.124046, 440.668738, 0.000000, 0.000000, 1.000000]
distortion_model: plumb_bob
distortion_coefficients:
  rows: 1
  cols: 5
  data: [-0.450656, 0.306792, 0.004604, -0.000372, 0.000000]
rectification_matrix:
  rows: 3
  cols: 3
  data: [0.0, 0.0, 0.0, 0.0, 0.0, 0.0, 0.0, 0.0, 0.0]
projection_matrix:
  rows: 3
  cols: 4
  data: [1567.7689761707682, -14.932559624243568, 627.3076230114278, 128.16791282046267, 8.932986553289291, 1565.7740258275082, 445.3522361423442, 0.4396287044875844, -0.009327697291412048, -0.0029243648656888436, 0.9999522199352188, -0.002373429597076198]
